tensor([[2.0713],
        [2.4001],
        [2.6314]])
tensor([[3.3208],
        [4.1160],
        [4.6963]])
tensor([[4.1337],
        [5.2709],
        [6.1439]])
tensor([[4.6508],
        [6.0443],
        [7.1691]])
tensor([[4.9678],
        [6.5584],
        [7.9049]])
tensor([[5.1500],
        [6.8966],
        [8.4418]])
tensor([[5.2417],
        [7.1155],
        [8.8417]])
tensor([[5.2731],
        [7.2537],
        [9.1467]])
tensor([[5.2646],
        [7.3376],
        [9.3856]])
tensor([[5.2302],
        [7.3849],
        [9.5782]])
tensor([[5.1794],
        [7.4078],
        [9.7378]])
tensor([[5.1184],
        [7.4146],
        [9.8738]])
tensor([[5.0517],
        [7.4109],
        [9.9924]])
tensor([[ 4.9819],
        [ 7.4004],
        [10.0980]])
tensor([[ 4.9112],
        [ 7.3858],
        [10.1938]])
tensor([[ 4.8408],
        [ 7.3687],
        [10.2817]])
tensor([[ 4.7714],
        [ 7.3503],
        [10.3633]])
tensor([[ 4.7036],
        [ 7.3314],
        [10.4396]])
tensor([[ 4.6377],
        [ 7.3125],
        [10.5115]])
tensor([[ 4.5740],
        [ 7.2939],
        [10.5793]])
tensor([[ 4.5124],
        [ 7.2758],
        [10.6437]])
tensor([[ 4.4531],
        [ 7.2584],
        [10.7048]])
tensor([[ 4.3961],
        [ 7.2416],
        [10.7631]])
tensor([[ 4.3412],
        [ 7.2257],
        [10.8185]])
tensor([[ 4.2884],
        [ 7.2105],
        [10.8714]])
tensor([[ 4.2377],
        [ 7.1960],
        [10.9219]])
tensor([[ 4.1891],
        [ 7.1823],
        [10.9701]])
tensor([[ 4.1423],
        [ 7.1693],
        [11.0161]])
tensor([[ 4.0975],
        [ 7.1571],
        [11.0601]])
tensor([[ 4.0544],
        [ 7.1454],
        [11.1021]])
tensor([[ 4.0130],
        [ 7.1345],
        [11.1422]])
tensor([[ 3.9734],
        [ 7.1241],
        [11.1806]])
tensor([[ 3.9353],
        [ 7.1143],
        [11.2172]])
tensor([[ 3.8987],
        [ 7.1051],
        [11.2522]])
tensor([[ 3.8636],
        [ 7.0964],
        [11.2857]])
tensor([[ 3.8299],
        [ 7.0882],
        [11.3176]])
tensor([[ 3.7976],
        [ 7.0805],
        [11.3482]])
tensor([[ 3.7665],
        [ 7.0732],
        [11.3774]])
tensor([[ 3.7367],
        [ 7.0664],
        [11.4053]])
tensor([[ 3.7081],
        [ 7.0600],
        [11.4319]])
tensor([[ 3.6806],
        [ 7.0539],
        [11.4574]])
tensor([[ 3.6542],
        [ 7.0482],
        [11.4818]])
tensor([[ 3.6289],
        [ 7.0429],
        [11.5050]])
tensor([[ 3.6046],
        [ 7.0379],
        [11.5273]])
tensor([[ 3.5812],
        [ 7.0332],
        [11.5485]])
tensor([[ 3.5588],
        [ 7.0288],
        [11.5688]])
tensor([[ 3.5372],
        [ 7.0247],
        [11.5882]])
tensor([[ 3.5166],
        [ 7.0209],
        [11.6067]])
tensor([[ 3.4967],
        [ 7.0173],
        [11.6244]])
tensor([[ 3.4776],
        [ 7.0139],
        [11.6413]])
tensor([[ 3.4593],
        [ 7.0108],
        [11.6575]])
tensor([[ 3.4417],
        [ 7.0078],
        [11.6729]])
tensor([[ 3.4248],
        [ 7.0051],
        [11.6877]])
tensor([[ 3.4085],
        [ 7.0026],
        [11.7018]])
tensor([[ 3.3929],
        [ 7.0002],
        [11.7153]])
tensor([[ 3.3779],
        [ 6.9981],
        [11.7281]])
tensor([[ 3.3635],
        [ 6.9960],
        [11.7404]])
tensor([[ 3.3497],
        [ 6.9942],
        [11.7522]])
tensor([[ 3.3364],
        [ 6.9924],
        [11.7634]])
tensor([[ 3.3236],
        [ 6.9908],
        [11.7741]])
tensor([[ 3.3114],
        [ 6.9894],
        [11.7843]])
tensor([[ 3.2996],
        [ 6.9880],
        [11.7941]])
tensor([[ 3.2883],
        [ 6.9868],
        [11.8035]])
tensor([[ 3.2774],
        [ 6.9857],
        [11.8124]])
tensor([[ 3.2669],
        [ 6.9847],
        [11.8209]])
tensor([[ 3.2568],
        [ 6.9837],
        [11.8291]])
tensor([[ 3.2472],
        [ 6.9829],
        [11.8368]])
tensor([[ 3.2379],
        [ 6.9821],
        [11.8443]])
tensor([[ 3.2289],
        [ 6.9814],
        [11.8514]])
tensor([[ 3.2204],
        [ 6.9808],
        [11.8581]])
tensor([[ 3.2121],
        [ 6.9803],
        [11.8646]])
tensor([[ 3.2042],
        [ 6.9798],
        [11.8708]])
tensor([[ 3.1965],
        [ 6.9794],
        [11.8767]])
tensor([[ 3.1892],
        [ 6.9790],
        [11.8823]])
tensor([[ 3.1822],
        [ 6.9787],
        [11.8877]])
tensor([[ 3.1754],
        [ 6.9785],
        [11.8929]])
tensor([[ 3.1689],
        [ 6.9783],
        [11.8978]])
tensor([[ 3.1626],
        [ 6.9781],
        [11.9025]])
tensor([[ 3.1566],
        [ 6.9780],
        [11.9069]])
tensor([[ 3.1508],
        [ 6.9779],
        [11.9112]])
tensor([[ 3.1452],
        [ 6.9779],
        [11.9153]])
tensor([[ 3.1398],
        [ 6.9779],
        [11.9192]])
tensor([[ 3.1347],
        [ 6.9779],
        [11.9229]])
tensor([[ 3.1297],
        [ 6.9779],
        [11.9265]])
tensor([[ 3.1249],
        [ 6.9780],
        [11.9299]])
tensor([[ 3.1203],
        [ 6.9781],
        [11.9331]])
tensor([[ 3.1159],
        [ 6.9782],
        [11.9362]])
tensor([[ 3.1117],
        [ 6.9783],
        [11.9392]])
tensor([[ 3.1076],
        [ 6.9785],
        [11.9420]])
tensor([[ 3.1037],
        [ 6.9786],
        [11.9447]])
tensor([[ 3.0999],
        [ 6.9788],
        [11.9472]])
tensor([[ 3.0962],
        [ 6.9790],
        [11.9497]])
tensor([[ 3.0927],
        [ 6.9792],
        [11.9520]])
tensor([[ 3.0893],
        [ 6.9795],
        [11.9543]])
tensor([[ 3.0861],
        [ 6.9797],
        [11.9564]])
tensor([[ 3.0830],
        [ 6.9799],
        [11.9584]])
tensor([[ 3.0800],
        [ 6.9802],
        [11.9604]])
tensor([[ 3.0771],
        [ 6.9804],
        [11.9622]])
tensor([[ 3.0743],
        [ 6.9807],
        [11.9640]])
tensor([[ 3.0716],
        [ 6.9810],
        [11.9657]])
tensor([[ 3.0690],
        [ 6.9813],
        [11.9673]])
tensor([[ 3.0665],
        [ 6.9816],
        [11.9688]])
tensor([[ 3.0641],
        [ 6.9818],
        [11.9703]])
tensor([[ 3.0618],
        [ 6.9821],
        [11.9717]])
tensor([[ 3.0596],
        [ 6.9824],
        [11.9730]])
tensor([[ 3.0575],
        [ 6.9827],
        [11.9743]])
tensor([[ 3.0554],
        [ 6.9830],
        [11.9755]])
tensor([[ 3.0535],
        [ 6.9833],
        [11.9767]])
tensor([[ 3.0515],
        [ 6.9836],
        [11.9778]])
tensor([[ 3.0497],
        [ 6.9839],
        [11.9789]])
tensor([[ 3.0479],
        [ 6.9842],
        [11.9799]])
tensor([[ 3.0462],
        [ 6.9845],
        [11.9808]])
tensor([[ 3.0446],
        [ 6.9848],
        [11.9817]])
tensor([[ 3.0430],
        [ 6.9851],
        [11.9826]])
tensor([[ 3.0415],
        [ 6.9854],
        [11.9835]])
tensor([[ 3.0400],
        [ 6.9857],
        [11.9842]])
tensor([[ 3.0386],
        [ 6.9860],
        [11.9850]])
tensor([[ 3.0372],
        [ 6.9862],
        [11.9857]])
tensor([[ 3.0359],
        [ 6.9865],
        [11.9864]])
tensor([[ 3.0347],
        [ 6.9868],
        [11.9871]])
tensor([[ 3.0335],
        [ 6.9871],
        [11.9877]])
tensor([[ 3.0323],
        [ 6.9874],
        [11.9883]])
tensor([[ 3.0311],
        [ 6.9876],
        [11.9889]])
tensor([[ 3.0301],
        [ 6.9879],
        [11.9894]])
tensor([[ 3.0290],
        [ 6.9882],
        [11.9899]])
tensor([[ 3.0280],
        [ 6.9884],
        [11.9904]])
tensor([[ 3.0270],
        [ 6.9887],
        [11.9909]])
tensor([[ 3.0261],
        [ 6.9889],
        [11.9913]])
tensor([[ 3.0252],
        [ 6.9892],
        [11.9918]])
tensor([[ 3.0243],
        [ 6.9894],
        [11.9922]])
tensor([[ 3.0235],
        [ 6.9897],
        [11.9926]])
tensor([[ 3.0226],
        [ 6.9899],
        [11.9929]])
tensor([[ 3.0219],
        [ 6.9901],
        [11.9933]])
tensor([[ 3.0211],
        [ 6.9904],
        [11.9936]])
tensor([[ 3.0204],
        [ 6.9906],
        [11.9939]])
tensor([[ 3.0197],
        [ 6.9908],
        [11.9942]])
tensor([[ 3.0190],
        [ 6.9910],
        [11.9945]])
tensor([[ 3.0183],
        [ 6.9912],
        [11.9948]])
tensor([[ 3.0177],
        [ 6.9914],
        [11.9951]])
tensor([[ 3.0171],
        [ 6.9917],
        [11.9953]])
tensor([[ 3.0165],
        [ 6.9919],
        [11.9956]])
tensor([[ 3.0159],
        [ 6.9921],
        [11.9958]])
tensor([[ 3.0154],
        [ 6.9922],
        [11.9960]])
tensor([[ 3.0149],
        [ 6.9924],
        [11.9962]])
tensor([[ 3.0144],
        [ 6.9926],
        [11.9964]])
tensor([[ 3.0139],
        [ 6.9928],
        [11.9966]])
tensor([[ 3.0134],
        [ 6.9930],
        [11.9968]])
tensor([[ 3.0129],
        [ 6.9932],
        [11.9969]])
tensor([[ 3.0125],
        [ 6.9933],
        [11.9971]])
tensor([[ 3.0121],
        [ 6.9935],
        [11.9973]])
