tensor([[0.9287],
        [4.5999],
        [9.3686]])
tensor([[0.3208],
        [2.8840],
        [7.3037]])
tensor([[1.1337],
        [1.7291],
        [5.8561]])
tensor([[1.6508],
        [0.9557],
        [4.8309]])
tensor([[1.9678],
        [0.4416],
        [4.0951]])
tensor([[2.1500],
        [0.1034],
        [3.5582]])
tensor([[2.2417],
        [0.1155],
        [3.1583]])
tensor([[2.2731],
        [0.2537],
        [2.8533]])
tensor([[2.2646],
        [0.3376],
        [2.6144]])
tensor([[2.2302],
        [0.3849],
        [2.4218]])
tensor([[2.1794],
        [0.4078],
        [2.2622]])
tensor([[2.1184],
        [0.4146],
        [2.1262]])
tensor([[2.0517],
        [0.4109],
        [2.0076]])
tensor([[1.9819],
        [0.4004],
        [1.9020]])
tensor([[1.9112],
        [0.3858],
        [1.8062]])
tensor([[1.8408],
        [0.3687],
        [1.7183]])
tensor([[1.7714],
        [0.3503],
        [1.6367]])
tensor([[1.7036],
        [0.3314],
        [1.5604]])
tensor([[1.6377],
        [0.3125],
        [1.4885]])
tensor([[1.5740],
        [0.2939],
        [1.4207]])
tensor([[1.5124],
        [0.2758],
        [1.3563]])
tensor([[1.4531],
        [0.2584],
        [1.2952]])
tensor([[1.3961],
        [0.2416],
        [1.2369]])
tensor([[1.3412],
        [0.2257],
        [1.1815]])
tensor([[1.2884],
        [0.2105],
        [1.1286]])
tensor([[1.2377],
        [0.1960],
        [1.0781]])
tensor([[1.1891],
        [0.1823],
        [1.0299]])
tensor([[1.1423],
        [0.1693],
        [0.9839]])
tensor([[1.0975],
        [0.1571],
        [0.9399]])
tensor([[1.0544],
        [0.1454],
        [0.8979]])
tensor([[1.0130],
        [0.1345],
        [0.8578]])
tensor([[0.9734],
        [0.1241],
        [0.8194]])
tensor([[0.9353],
        [0.1143],
        [0.7828]])
tensor([[0.8987],
        [0.1051],
        [0.7478]])
tensor([[0.8636],
        [0.0964],
        [0.7143]])
tensor([[0.8299],
        [0.0882],
        [0.6824]])
tensor([[0.7976],
        [0.0805],
        [0.6518]])
tensor([[0.7665],
        [0.0732],
        [0.6226]])
tensor([[0.7367],
        [0.0664],
        [0.5947]])
tensor([[0.7081],
        [0.0600],
        [0.5681]])
tensor([[0.6806],
        [0.0539],
        [0.5426]])
tensor([[0.6542],
        [0.0482],
        [0.5182]])
tensor([[0.6289],
        [0.0429],
        [0.4950]])
tensor([[0.6046],
        [0.0379],
        [0.4727]])
tensor([[0.5812],
        [0.0332],
        [0.4515]])
tensor([[0.5588],
        [0.0288],
        [0.4312]])
tensor([[0.5372],
        [0.0247],
        [0.4118]])
tensor([[0.5166],
        [0.0209],
        [0.3933]])
tensor([[0.4967],
        [0.0173],
        [0.3756]])
tensor([[0.4776],
        [0.0139],
        [0.3587]])
tensor([[0.4593],
        [0.0108],
        [0.3425]])
tensor([[0.4417],
        [0.0078],
        [0.3271]])
tensor([[0.4248],
        [0.0051],
        [0.3123]])
tensor([[0.4085],
        [0.0026],
        [0.2982]])
tensor([[3.9293e-01],
        [2.3508e-04],
        [2.8474e-01]])
tensor([[0.3779],
        [0.0019],
        [0.2719]])
tensor([[0.3635],
        [0.0040],
        [0.2596]])
tensor([[0.3497],
        [0.0058],
        [0.2478]])
tensor([[0.3364],
        [0.0076],
        [0.2366]])
tensor([[0.3236],
        [0.0092],
        [0.2259]])
tensor([[0.3114],
        [0.0106],
        [0.2157]])
tensor([[0.2996],
        [0.0120],
        [0.2059]])
tensor([[0.2883],
        [0.0132],
        [0.1965]])
tensor([[0.2774],
        [0.0143],
        [0.1876]])
tensor([[0.2669],
        [0.0153],
        [0.1791]])
tensor([[0.2568],
        [0.0163],
        [0.1709]])
tensor([[0.2472],
        [0.0171],
        [0.1632]])
tensor([[0.2379],
        [0.0179],
        [0.1557]])
tensor([[0.2289],
        [0.0186],
        [0.1486]])
tensor([[0.2204],
        [0.0192],
        [0.1419]])
tensor([[0.2121],
        [0.0197],
        [0.1354]])
tensor([[0.2042],
        [0.0202],
        [0.1292]])
tensor([[0.1965],
        [0.0206],
        [0.1233]])
tensor([[0.1892],
        [0.0210],
        [0.1177]])
tensor([[0.1822],
        [0.0213],
        [0.1123]])
tensor([[0.1754],
        [0.0215],
        [0.1071]])
tensor([[0.1689],
        [0.0217],
        [0.1022]])
tensor([[0.1626],
        [0.0219],
        [0.0975]])
tensor([[0.1566],
        [0.0220],
        [0.0931]])
tensor([[0.1508],
        [0.0221],
        [0.0888]])
tensor([[0.1452],
        [0.0221],
        [0.0847]])
tensor([[0.1398],
        [0.0221],
        [0.0808]])
tensor([[0.1347],
        [0.0221],
        [0.0771]])
tensor([[0.1297],
        [0.0221],
        [0.0735]])
tensor([[0.1249],
        [0.0220],
        [0.0701]])
tensor([[0.1203],
        [0.0219],
        [0.0669]])
tensor([[0.1159],
        [0.0218],
        [0.0638]])
tensor([[0.1117],
        [0.0217],
        [0.0608]])
tensor([[0.1076],
        [0.0215],
        [0.0580]])
tensor([[0.1037],
        [0.0214],
        [0.0553]])
tensor([[0.0999],
        [0.0212],
        [0.0528]])
tensor([[0.0962],
        [0.0210],
        [0.0503]])
tensor([[0.0927],
        [0.0208],
        [0.0480]])
tensor([[0.0893],
        [0.0205],
        [0.0457]])
tensor([[0.0861],
        [0.0203],
        [0.0436]])
tensor([[0.0830],
        [0.0201],
        [0.0416]])
tensor([[0.0800],
        [0.0198],
        [0.0396]])
tensor([[0.0771],
        [0.0196],
        [0.0378]])
tensor([[0.0743],
        [0.0193],
        [0.0360]])
tensor([[0.0716],
        [0.0190],
        [0.0343]])
tensor([[0.0690],
        [0.0187],
        [0.0327]])
tensor([[0.0665],
        [0.0184],
        [0.0312]])
tensor([[0.0641],
        [0.0182],
        [0.0297]])
tensor([[0.0618],
        [0.0179],
        [0.0283]])
tensor([[0.0596],
        [0.0176],
        [0.0270]])
tensor([[0.0575],
        [0.0173],
        [0.0257]])
tensor([[0.0554],
        [0.0170],
        [0.0245]])
tensor([[0.0535],
        [0.0167],
        [0.0233]])
tensor([[0.0515],
        [0.0164],
        [0.0222]])
tensor([[0.0497],
        [0.0161],
        [0.0211]])
tensor([[0.0479],
        [0.0158],
        [0.0201]])
tensor([[0.0462],
        [0.0155],
        [0.0192]])
tensor([[0.0446],
        [0.0152],
        [0.0183]])
tensor([[0.0430],
        [0.0149],
        [0.0174]])
tensor([[0.0415],
        [0.0146],
        [0.0165]])
tensor([[0.0400],
        [0.0143],
        [0.0158]])
tensor([[0.0386],
        [0.0140],
        [0.0150]])
tensor([[0.0372],
        [0.0138],
        [0.0143]])
tensor([[0.0359],
        [0.0135],
        [0.0136]])
tensor([[0.0347],
        [0.0132],
        [0.0129]])
tensor([[0.0335],
        [0.0129],
        [0.0123]])
tensor([[0.0323],
        [0.0126],
        [0.0117]])
tensor([[0.0311],
        [0.0124],
        [0.0111]])
tensor([[0.0301],
        [0.0121],
        [0.0106]])
tensor([[0.0290],
        [0.0118],
        [0.0101]])
tensor([[0.0280],
        [0.0116],
        [0.0096]])
tensor([[0.0270],
        [0.0113],
        [0.0091]])
tensor([[0.0261],
        [0.0111],
        [0.0087]])
tensor([[0.0252],
        [0.0108],
        [0.0082]])
tensor([[0.0243],
        [0.0106],
        [0.0078]])
tensor([[0.0235],
        [0.0103],
        [0.0074]])
tensor([[0.0226],
        [0.0101],
        [0.0071]])
tensor([[0.0219],
        [0.0099],
        [0.0067]])
tensor([[0.0211],
        [0.0096],
        [0.0064]])
tensor([[0.0204],
        [0.0094],
        [0.0061]])
tensor([[0.0197],
        [0.0092],
        [0.0058]])
tensor([[0.0190],
        [0.0090],
        [0.0055]])
tensor([[0.0183],
        [0.0088],
        [0.0052]])
tensor([[0.0177],
        [0.0086],
        [0.0049]])
tensor([[0.0171],
        [0.0083],
        [0.0047]])
tensor([[0.0165],
        [0.0081],
        [0.0044]])
tensor([[0.0159],
        [0.0079],
        [0.0042]])
tensor([[0.0154],
        [0.0078],
        [0.0040]])
tensor([[0.0149],
        [0.0076],
        [0.0038]])
tensor([[0.0144],
        [0.0074],
        [0.0036]])
tensor([[0.0139],
        [0.0072],
        [0.0034]])
tensor([[0.0134],
        [0.0070],
        [0.0032]])
tensor([[0.0129],
        [0.0068],
        [0.0031]])
tensor([[0.0125],
        [0.0067],
        [0.0029]])
tensor([[0.0121],
        [0.0065],
        [0.0027]])
